9 july6 153.19684711137845 134.39463682040753
35 july6 108.65475453124671 127.41429917789822
82 july6 296.4710292337943 32.075080890248195
91 july6 210.10200225682152 290.11400759489527
96 july6 136.35661866841733 358.6760222480146
120 july6 71.12443671173672 30.173181988278156
163 july6 58.86159564794804 306.48544266024487
190 july6 254.5257083097807 186.89696323582538
199 july6 286.2285490012896 194.83320326010028
217 july6 278.9731927518485 29.274853475558878
273 july6 258.3674855913988 209.66322709710724
295 july6 336.1605317501699 16.62057697102069
305 july6 215.2873714476624 71.080241724313
330 july6 300.40989071846514 262.5098718687245
425 july6 216.14870760328074 172.61732406234384
534 july6 87.28798176481993 326.61418560204055
632 july6 7.720716977202385 44.148469257353234
658 july6 355.89042969659783 6.514159175721312
666 july6 223.6461988581083 63.131458213866686
671 july6 357.07645851785134 352.61824604598974
792 july6 312.4850479967553 144.33743973192765
873 july6 20.342131633317816 292.5615236276211
989 july6 308.6539046197294 1.3137462775732267
