1 july13 269.7499343996706 167.29951782786958
2 july13 293.1255434644789 10.343401530774363
4 july13 14.941220778823983 66.58995745085436
6 july13 343.2113668264704 277.2700462861651
9 july13 339.53700887446365 22.730726342572797
12 july13 189.16619324379954 125.91531581789252
13 july13 299.42294014673683 103.73494144654404
14 july13 192.80784860464848 359.64255020985956
16 july13 292.9470292418165 354.5688454961107
21 july13 56.627567906458246 27.827783245525282
22 july13 54.02901003427501 264.97445475134805
23 july13 134.41211932310722 81.80356959972588
27 july13 245.94973236099247 247.50557122455228
28 july13 340.43903634256327 158.78067070411436
31 july13 186.40728297466526 5.038620604793107
33 july13 72.26612650153521 101.04831026508845
34 july13 146.21420186049693 29.44051416973657
35 july13 275.5908779757361 56.61590946570538
36 july13 3.663785898099694 270.07884224945053
37 july13 6.582596209995808 66.24915661684321
38 july13 250.48594331022653 271.605889517349
39 july13 234.168376968967 44.11427377858547
40 july13 253.2443441053415 331.5840334228165
41 july13 68.90190405840268 252.44812359981836
42 july13 255.48146921183596 194.0940131927087
45 july13 133.00162043443413 313.9842592065461
48 july13 165.42204063813566 97.54465558886257
50 july13 171.81956919505055 59.183502582130664
52 july13 111.0770664647829 198.32434277744085
54 july13 312.47099958196964 281.040736678618
56 july13 181.30145025649824 29.92464090686633
57 july13 242.26007287584218 320.61962629831487
60 july13 298.4678648340438 179.51319669150146
61 july13 169.2396855844724 226.09090966037525
62 july13 353.0656275384957 138.43494990135676
64 july13 296.01099837456695 253.71357635708824
66 july13 313.84220615122103 346.9035682616373
67 july13 13.449414903457768 83.4692233761255
68 july13 149.6902068371232 309.83323667921326
70 july13 316.631018441294 301.13336609085565
71 july13 209.62548768391588 328.20435117965104
72 july13 9.3874244321389 13.567127085590643
75 july13 329.75127510768715 106.31046100558429
76 july13 251.8224339335423 220.27508589694506
77 july13 307.4414104855986 89.29459058848988
78 july13 231.36924492522928 249.5247039688946
79 july13 190.30938182691207 1.1966053824919776
81 july13 113.03670208517323 9.75087934222608
83 july13 46.17165501438781 193.69167160741256
84 july13 63.236630791935376 305.3336246593653
85 july13 86.77233789392143 349.9951620798225
86 july13 218.46427080578127 47.826837733460735
87 july13 266.86548578721715 51.669216939932625
88 july13 187.09136958703485 179.48961783092676
89 july13 339.0669933861831 128.18567454713775
90 july13 358.8529898737215 106.8461068866089
91 july13 258.996176270174 99.54384407460778
92 july13 218.03614667063775 192.24417378768064
93 july13 142.0687223126988 206.4939374567219
95 july13 48.810113742275256 36.76264908048411
97 july13 170.37805634805918 109.89236897852035
99 july13 189.11379167621897 95.56823599530604
100 july13 61.83527400265258 216.25303172326758
101 july13 262.02230427673095 93.09759875525344
102 july13 299.5916177172112 240.8018665105546
103 july13 275.6184286630146 234.10193855298678
105 july13 311.7964349834295 169.22233428304423
106 july13 268.8713617779317 287.824017296965
107 july13 189.39345817650204 202.82089262052375
108 july13 13.64055463735939 291.0675162145046
109 july13 297.7181542205388 277.84139531843664
113 july13 357.8185145509579 190.1070684102441
114 july13 254.70760528840137 353.90900952122627
115 july13 211.46737249593752 357.10905164383917
116 july13 274.3593245680791 348.1473351881547
118 july13 194.53800044040975 205.86881032694626
119 july13 188.826069461483 301.43481408666213
120 july13 289.15918795246506 69.9641825474251
121 july13 324.08925569496427 205.71895413158717
125 july13 191.99790600865742 179.84448279774784
126 july13 357.59623827815324 350.48607876704426
130 july13 35.39736608708472 340.09672197834715
131 july13 53.825376577222904 89.76667466462767
132 july13 353.184108321479 80.89808304081939
133 july13 153.3321258604152 286.18664220769443
136 july13 31.8947531701462 306.1200845260404
137 july13 352.6605274920919 342.0560810506936
138 july13 267.3486135538774 184.33291849014728
139 july13 12.602893833117944 254.59341148477557
141 july13 60.18075267287211 239.38885321662053
143 july13 141.98709185070126 174.60820711763063
144 july13 229.88197327349502 39.86912962508379
145 july13 346.352892668375 343.79585142024456
146 july13 220.6617641255175 313.8818930550814
147 july13 247.88347977917013 298.0744628648795
151 july13 32.54850175147213 199.14038058253638
152 july13 169.53792376928803 128.0047215547229
154 july13 17.83752938029099 255.74377591311844
155 july13 142.48195149425905 10.915776216557433
156 july13 202.21375627647512 350.30863760407345
157 july13 162.42661297066348 136.10014264211944
158 july13 136.5852415590407 329.5704649626189
160 july13 359.33218806023217 39.80273902396902
161 july13 219.96100015323114 207.68774402051992
162 july13 116.04917330690428 110.91393045977019
165 july13 251.90173789780482 66.18094525188943
166 july13 186.24107201989025 147.48279507118207
167 july13 52.742606251962954 265.6435481209575
168 july13 316.0749114512225 222.92153492293448
169 july13 255.7429513047322 134.9209785027562
171 july13 283.26895847325767 244.6399554275809
172 july13 85.48572694603791 104.12306301512652
176 july13 123.31276241767483 26.28635181215567
177 july13 29.42455770065841 102.12035963040248
178 july13 6.388683442299277 219.95927859596256
179 july13 164.41525312014227 118.31303026497679
180 july13 309.3051305049956 206.6847871892064
182 july13 234.92322488573632 91.76205818521244
183 july13 130.7661594760964 265.05324356696474
184 july13 184.9887813046652 257.32748110170746
185 july13 185.41559195928377 169.2820926699972
186 july13 78.90858587576882 290.7948125629962
187 july13 89.3468072389576 262.8044339182902
188 july13 224.7445325902349 219.44118669254334
189 july13 68.7916809213323 213.00631765792417
191 july13 16.502457612379864 92.92048567651423
192 july13 277.2858058092157 233.40282902154848
196 july13 64.64163421707048 47.648878307546894
197 july13 151.69657248257244 54.492009414808244
198 july13 133.22234834238958 59.995282995173646
201 july13 10.712966636441683 219.75842948678803
203 july13 358.000736828209 63.79664294767245
204 july13 138.28846772923404 359.41060489074175
207 july13 334.69713676402006 316.53690640030413
208 july13 60.40392689598071 176.3050506717692
209 july13 199.36313640924055 180.73779064442832
211 july13 348.7517813629596 11.686484943162165
212 july13 257.7442679094818 102.13535475040078
213 july13 260.7578923319584 115.04785506568292
216 july13 99.38556990330676 319.4292322520879
218 july13 318.70941530527847 184.48172725902248
219 july13 311.92614630737495 289.7550274895635
220 july13 37.73399745371562 69.82530265208588
221 july13 349.4557203051222 44.0132555410781
222 july13 183.637329495447 216.61500671821804
223 july13 323.8301122009845 137.4578270339279
224 july13 51.77328216846872 217.81986060118834
227 july13 348.87296159785694 52.53013641467513
228 july13 310.41087463776245 41.63010406759121
229 july13 342.59251988896773 293.85763405243165
231 july13 114.06747237643069 248.49012913113725
232 july13 351.2198102991799 180.47315802814236
233 july13 91.9359954498872 286.35105455898713
235 july13 336.39940217909776 102.29882686474467
236 july13 237.06536282297415 182.72411296708592
237 july13 284.1352228414897 149.79548338579323
238 july13 56.10312110377289 101.13137947811155
243 july13 51.07246764493894 336.930682383207
244 july13 198.72788623062422 121.33346026576086
245 july13 235.12578788708234 268.37823811820374
246 july13 130.12532006077345 194.9593987971085
249 july13 190.16261168662612 290.78984961583495
250 july13 301.61474702962704 8.676229649149262
251 july13 109.11927601546356 346.201411655122
252 july13 7.330825175489756 148.81289529799022
253 july13 299.78144692025825 63.05048244427599
256 july13 346.2795960095325 262.6576552381482
257 july13 195.1091114184248 83.66337581773863
258 july13 220.12933679711742 119.57682732144143
260 july13 261.17904329731283 199.10368737026528
262 july13 193.91432588110126 112.33939935888962
263 july13 160.92798804450112 31.108772287730122
266 july13 356.6725911337364 244.50012807946405
267 july13 159.44655520167586 5.410047959405437
268 july13 200.86346734596594 251.56293408702902
270 july13 35.32793175276013 326.6195551683587
271 july13 205.67686547016862 308.6137296746561
272 july13 103.95063346610387 35.71642398680156
273 july13 270.21513107548867 129.16677278401013
274 july13 342.88530948763906 340.1544644353375
275 july13 59.44444232455928 28.93938217129295
276 july13 140.6945062724921 28.003459595078674
277 july13 227.27295240977162 275.75126614288496
278 july13 291.22544884599074 67.6549735692625
279 july13 150.8973025420614 205.5299705616775
282 july13 105.14049506116316 320.72722419084783
283 july13 356.8712699057666 359.433316553174
284 july13 310.97514682578685 187.64180170104552
286 july13 66.39093953063758 139.91631026322344
287 july13 327.67605686948184 86.67846039860734
288 july13 32.73019501967364 205.526409965779
289 july13 295.2403486362971 229.93116323746233
291 july13 129.43330596467445 200.6256142859874
293 july13 272.92191645379836 337.08179542547947
294 july13 104.0936209291513 33.43948141971142
296 july13 349.1058467077753 125.84391103704588
297 july13 14.73320617412245 174.28778239716928
300 july13 270.4286255718535 80.3251166072388
304 july13 98.3989071580672 228.7566065466804
305 july13 221.60947208466666 274.919070859463
306 july13 222.3035645833459 327.39401326494453
307 july13 58.01771197030789 179.56189451610715
310 july13 184.4063315042459 303.7363955825674
311 july13 355.9522782461791 4.7116372677047735
312 july13 280.4059724415355 142.40719006600958
314 july13 333.3644179497657 134.55756162757243
315 july13 210.53491260907398 170.0961936493517
316 july13 5.062561520956161 219.7617382257311
317 july13 192.9264195838251 289.6662893542504
320 july13 291.7538476763457 230.336077697413
321 july13 295.81552149894117 155.93524692926118
323 july13 260.9373267559718 253.08081260882446
325 july13 344.8804036206952 302.5292808222861
326 july13 66.39202142476458 67.55422112508695
327 july13 296.8437632381149 31.35742724117839
328 july13 187.2188681562336 343.62178963757725
329 july13 319.86641843379755 169.59591738051776
331 july13 183.01804768958613 347.91772581245095
332 july13 327.1813541577546 288.2924263840165
333 july13 138.61913780678822 18.665683045685146
334 july13 110.1093167960251 355.130344624704
335 july13 232.582172176981 21.227792517502834
337 july13 104.60059755745536 284.9463146273796
338 july13 175.53750770747783 85.0926654603568
343 july13 139.30667141433312 184.1926174663213
344 july13 92.68825053704796 151.8691835885845
346 july13 131.87600430766693 164.53558435432836
348 july13 83.51541811727132 136.2847050863201
351 july13 14.64487802673629 200.5677833725218
352 july13 112.63971844992331 209.38739392369877
353 july13 39.63255086506001 29.25385160670695
356 july13 96.59773891362838 30.165233036548912
357 july13 40.41144851818183 216.86419681686718
358 july13 296.9618656394684 327.5015263370858
364 july13 128.94673420864615 51.27375509573595
365 july13 237.74209918454835 34.13719014755164
367 july13 285.34776609380634 218.09852723429128
368 july13 301.26511045408233 307.1610326588044
369 july13 117.04703337371085 282.8090948064021
370 july13 249.95747692165062 313.0034442005693
371 july13 7.828241761702702 347.68635681787134
373 july13 32.0095845408408 241.250313240203
374 july13 282.7137350700745 125.76967338272894
376 july13 350.07593798383965 6.43145903066868
378 july13 286.04568211144107 306.0286758149063
379 july13 205.151618072348 59.380720312024785
381 july13 183.00291378198972 68.7214404499205
382 july13 339.3132685968141 185.04643800668183
383 july13 175.56529311936575 100.41767969124463
386 july13 100.26139013786893 327.0254890611367
388 july13 250.55329328135173 132.58497668657026
389 july13 270.7665044073259 153.5102501461153
390 july13 312.9019018520245 215.2043063511371
391 july13 193.5642786629789 155.7902337984133
393 july13 113.04907399233545 172.41108328019448
394 july13 81.35934649894101 265.29301642773686
396 july13 282.18803199589655 30.825395473140695
397 july13 91.50249606012767 239.2836452131479
398 july13 28.8083751697306 240.01098382419278
399 july13 296.57333022419425 297.13646219992944
401 july13 146.8311770078261 38.885065933810324
402 july13 295.86615494709633 190.92552779135235
403 july13 260.7928626215331 17.792784220193
404 july13 211.12963545894223 308.9883131404159
405 july13 204.3626715185218 173.28859086073106
406 july13 228.37609334471216 181.1226355571489
407 july13 349.9146144767162 230.4375088911031
408 july13 153.47317766456584 250.66165357500293
410 july13 294.79798964245197 64.43000382785458
411 july13 51.744164761750625 99.66001467942118
412 july13 88.37972091422014 107.75254791596515
413 july13 252.18937009114237 97.9543791717276
414 july13 295.65123535378285 233.55474622757487
415 july13 336.7290130513849 25.339269897848524
416 july13 185.26254914792287 161.92029744080088
417 july13 53.67556663432657 145.09673732022722
418 july13 21.253667971442862 169.26200793655985
420 july13 326.760915094707 66.31886708402048
421 july13 105.03730876442162 212.7786552300432
423 july13 125.15957700486074 198.33945357650668
424 july13 261.9699223201817 286.5523121732473
426 july13 206.67777966073155 56.87644080771048
427 july13 331.1744105867691 238.36519639395206
428 july13 345.1099338849693 94.28171470941793
429 july13 281.97151729365464 155.26527543119278
430 july13 224.83349406322128 224.76573487202955
432 july13 284.40223003589006 94.89098584124382
433 july13 163.0130777824791 222.32559372084592
434 july13 233.54313832461983 5.843920034879391
436 july13 325.5017336199855 349.2840152897892
437 july13 278.6685468816244 128.60924229611237
438 july13 78.42587070796377 94.78380276988321
441 july13 232.54993445578344 309.1403711605942
442 july13 124.5737711646592 150.39719649726177
446 july13 137.89064064386304 340.61379518125307
447 july13 59.89852141896389 288.99379417346614
448 july13 138.29414383134284 274.33764740593256
449 july13 210.5740384967563 338.67916371515537
451 july13 178.9128615450589 0.4048178907560107
452 july13 144.48877302165295 154.67488311873416
456 july13 155.75186305308256 342.4345707605477
457 july13 219.53249689761887 33.07399864331368
458 july13 229.48125878193858 253.12514035819729
459 july13 96.69920706188704 113.51226346323706
460 july13 13.923266554097399 110.19481995158007
461 july13 28.285808336787753 128.8730379095767
463 july13 300.17675961930416 178.43617724092337
464 july13 105.24709085956263 119.21803471457613
465 july13 261.7060730966531 310.8572733912203
466 july13 8.19911459731923 2.3616348404325826
467 july13 15.578621534647445 203.2214333977468
469 july13 158.73652818468847 155.84607097850127
470 july13 218.95783179025366 13.722312212010852
471 july13 103.40684252579891 280.4747135525535
472 july13 92.9667254377506 355.3427146181929
473 july13 280.394220113683 8.736404458429664
475 july13 33.91437450248162 135.96362654339836
476 july13 145.3790853657039 73.88963243500098
478 july13 40.42430632616383 228.56323695720428
479 july13 39.85761268630941 205.27780550114224
480 july13 353.97809321216624 76.8790461230876
481 july13 118.32270618748586 182.48544711741206
482 july13 138.4404610455412 184.84129334934067
484 july13 44.11532486811564 263.89885714932234
486 july13 66.55619328949878 13.048229352022162
488 july13 159.01470109789852 359.2423812628778
489 july13 318.1563468224325 8.804342789194752
492 july13 120.77053506269606 193.28424232107653
493 july13 187.83408536361867 2.92388839757427
497 july13 340.0771375824767 264.84258111418546
499 july13 290.17215620646346 320.16069937346424
501 july13 82.19648878530542 136.74313468264845
502 july13 52.893882271903166 184.04450008773455
503 july13 86.54133348700773 154.8667763912003
504 july13 248.78554846971184 341.0465329999659
505 july13 105.3200517032118 190.92993213372435
506 july13 147.0191946594361 253.10473666241924
507 july13 186.1065210537375 327.8764959048553
508 july13 90.77415352174171 172.33417757347945
511 july13 196.94660152651954 334.1268296817183
513 july13 63.02494815807171 217.7817230673431
514 july13 282.4237990145466 222.69928709195148
515 july13 248.07744835777808 216.95462066139925
517 july13 16.422006191299342 97.08886540545336
518 july13 17.366167276871053 252.5027923054721
519 july13 136.5249249517777 329.435301667361
520 july13 244.03528699701894 140.97860981976487
523 july13 264.6370556254275 117.01713548167177
525 july13 33.35284873407277 1.477661982024081
526 july13 283.3771331554981 226.6761609745041
527 july13 135.48918723405055 163.77140521762013
528 july13 168.84049608443465 248.832340465333
529 july13 83.340485413371 198.62091059895312
530 july13 287.52988267128615 357.62930617680416
531 july13 48.890807786816104 80.28698824588324
532 july13 103.7750252293241 285.92050802979116
534 july13 264.45582584567705 192.35555551230442
535 july13 11.969882781962085 338.01104683154364
536 july13 283.62118552694267 242.6113245200469
537 july13 59.22621133039753 111.58561831517353
538 july13 249.36536311293784 298.54745775294475
539 july13 334.4700290363917 3.2657830841759505
543 july13 352.0830224503259 200.0064976694435
544 july13 213.9015802748877 252.99212420391913
545 july13 137.18807416199502 251.91403763232015
546 july13 82.42623046945577 143.96131027737823
548 july13 51.73857852736204 80.86512804842529
549 july13 22.979221249525203 356.7663213225896
550 july13 110.4005951259348 327.9148557753028
556 july13 359.7446749362997 23.77761031223712
557 july13 211.30323212032613 211.08996357406653
558 july13 213.0310823477005 221.81725986254511
561 july13 177.36872259924857 227.91034095791812
562 july13 11.069132263624066 176.0286820088607
563 july13 185.16015311944747 119.04594572376647
565 july13 91.15149285443897 173.58248902992975
566 july13 208.9286475934004 3.257305625896425
567 july13 262.8838275213068 214.95467260732204
568 july13 219.72538282368174 36.21076662931852
571 july13 126.11501260057324 228.84000790576283
572 july13 315.5834654284809 143.25473461533883
573 july13 283.1798907502216 127.48519566123957
574 july13 131.60770888925444 166.0158543324545
575 july13 305.33717264730285 333.3069590278026
577 july13 98.06128259030233 198.99851134934497
581 july13 246.32504320186544 182.22120761345698
584 july13 254.49994568200583 359.1527521886305
586 july13 148.93112810966565 322.65401636752006
587 july13 191.953163378646 258.8564981038581
588 july13 134.6693720942586 35.90661194814469
589 july13 237.42132005170947 54.67653914259097
591 july13 52.96717236290938 87.15551403907219
593 july13 125.00238289480434 214.78803352004277
594 july13 105.29998503407538 245.99255605322807
596 july13 319.19585596411076 64.57741448885324
597 july13 97.99174995730861 28.269050419455475
598 july13 99.90060520098884 303.4143225370825
599 july13 196.58312862260567 99.20864827564246
602 july13 136.01472172578315 141.64999849678617
603 july13 211.70024973974796 1.687225879880021
604 july13 344.7970345561823 277.05951992704223
606 july13 217.40083934083216 114.57465044678659
607 july13 6.082936097061262 209.1092527799967
608 july13 173.6695966627834 160.14824558141729
609 july13 70.27633385496871 67.29092755176615
612 july13 95.76959428087929 233.84441971869936
614 july13 289.46206555452113 130.9501471989752
615 july13 355.2322233047154 222.2727672631361
616 july13 158.18566323430497 255.2139440956104
617 july13 301.4048309676475 190.4014573865873
618 july13 44.84771856270298 346.50822383101604
621 july13 79.47772100958625 24.637569174723563
622 july13 171.98960673483396 151.09565805521908
625 july13 49.9792836432409 234.44999757241607
626 july13 343.5056946054499 277.2716894597282
627 july13 115.2305462206256 310.0259694724622
628 july13 241.10037633939197 81.16228473562893
629 july13 1.5315063248415717 348.3087334925432
630 july13 163.81967152076908 239.9678200442055
631 july13 301.4834969346875 268.20147604283545
632 july13 126.64647215707386 74.6434008268515
637 july13 22.160152850692356 346.08818829054803
638 july13 286.6393840775419 350.06677565144
639 july13 336.2580487676169 135.50574399101333
640 july13 188.45106708693226 302.91806662633905
641 july13 270.7711316557461 210.61917346735183
642 july13 195.52574913718183 214.12493638355303
643 july13 20.588075361295786 236.25718172081184
644 july13 158.38036516257273 25.078585270267194
645 july13 331.6600077453577 52.73063066352904
646 july13 350.5248983067148 40.14330731736024
647 july13 226.6417000148856 197.16933847020812
648 july13 92.07926836295745 136.04721074185895
649 july13 233.9329219645306 181.82973112797978
651 july13 264.18689797063234 151.21715186233965
654 july13 203.46740627018903 352.94982656651956
655 july13 335.3237928368145 256.46624751411633
656 july13 17.712993563391446 123.87490105234775
657 july13 313.36628442278334 31.530578594148878
658 july13 252.40114052761555 1.5143723854597946
661 july13 122.85045097440103 83.42987294611586
662 july13 14.353597088342035 226.18524868852816
664 july13 147.84875550615135 172.33844602229846
667 july13 178.13558169722032 89.64492948832573
668 july13 57.94366953423627 11.045813869804206
670 july13 341.71631307764676 340.47409521914284
671 july13 43.58656964379023 33.45024456010404
672 july13 235.7634760216981 239.90279864983043
674 july13 90.62025185752825 25.069942339944838
675 july13 51.43078619830034 82.98029879176502
676 july13 119.60170740872944 23.017169458777918
677 july13 320.6804691089968 308.3604861280628
678 july13 108.9006593609687 106.77433111133831
681 july13 78.0552875402556 73.63144466044834
682 july13 296.5699621197608 24.93944471886716
684 july13 307.1861761886598 335.9983725546026
685 july13 277.2924719795587 321.19876032338505
686 july13 166.21103981428064 270.2717515880753
687 july13 152.76546909533926 101.50479764030254
688 july13 215.43803073565485 5.041739442258915
690 july13 181.21148580797106 72.76224263503124
691 july13 175.17454122878948 174.25911091734355
694 july13 229.02190129439236 13.350130910691455
695 july13 289.7151144864187 143.32442852466025
696 july13 285.56429661679607 278.1365265478511
697 july13 318.32559670687976 227.5520301045482
699 july13 316.04415202637813 186.73621356551948
701 july13 356.51351451357397 40.27075036411675
704 july13 96.26677587270466 217.7071500567415
705 july13 210.75826974930834 76.57816522296055
706 july13 13.749609067589947 84.15046041698203
707 july13 281.1067826159801 103.57893795237962
708 july13 247.3856929505093 267.44978040822906
709 july13 356.13228322270226 270.65656283428814
710 july13 175.4052984736693 143.48937042579678
714 july13 64.4002044473218 359.8759242166286
715 july13 331.8093440379221 256.62939531055304
716 july13 297.52507569341515 150.26079309304978
717 july13 333.7321549615359 235.7973111548306
718 july13 23.73348364462675 230.90778042166554
719 july13 20.790463313649553 0.13243484898132873
724 july13 145.78424072555288 168.56727878219004
725 july13 66.20539442090221 60.122495169243514
727 july13 1.4091371718593892 270.9141178396187
729 july13 136.94138252237255 82.11078762087966
730 july13 20.851653804539815 285.1477526823961
731 july13 51.30155018639911 119.90372879218353
735 july13 236.367714212984 223.1634916271753
736 july13 30.77121514053681 5.158462568128739
737 july13 7.9165418265661955 323.16842831689
738 july13 129.45278669900244 134.19617718339057
741 july13 242.31099031297083 130.57328131433596
742 july13 126.13937730642354 351.01473317559913
743 july13 10.288337310466051 299.705142406323
746 july13 294.71456717623886 170.14517977984698
748 july13 259.32009750119806 128.4871887919034
749 july13 351.54403287092754 274.46803598944206
751 july13 0.2384747490105443 204.19981641594651
752 july13 267.572527497811 228.48538302818113
753 july13 34.353253013600344 185.8862113655464
755 july13 46.80800338424845 70.45689167239689
756 july13 297.8617377770298 42.28897013531866
757 july13 35.61851000581875 94.69702118249052
758 july13 323.9767828686205 114.955108718978
759 july13 159.77937848643495 197.22372899365465
760 july13 266.84297506544294 233.49914461610837
761 july13 249.92335243269466 335.5948454663113
762 july13 92.07346163860115 0.788561350852528
765 july13 217.1721146204624 17.909254870576703
767 july13 110.6901848199157 211.51943866318638
768 july13 305.87629634123624 191.57945241691164
769 july13 150.62298182259693 5.775871683689133
770 july13 102.15605066509518 195.26909225099132
771 july13 221.81456235607925 252.36292027620544
773 july13 181.51349251362768 171.38211602436536
774 july13 152.10469933130346 51.09631283085467
776 july13 350.15868880223405 308.3524824862315
777 july13 193.02057403864467 331.8915110048122
778 july13 98.23912537004531 350.5262893009699
779 july13 124.7764935625717 97.63305081540537
782 july13 4.036763647223838 261.03117036277655
783 july13 132.48839105248746 215.9093158653858
784 july13 279.35057280751283 350.94737787371935
787 july13 125.48313084560847 121.68029457365846
789 july13 180.43046090291918 185.71098864364563
792 july13 92.01123267843387 202.76398176303218
793 july13 149.12569804891464 347.3774932950182
795 july13 324.186762549587 41.052892417631064
796 july13 273.7064847815658 297.53059132680505
797 july13 196.99620833066479 19.38520790604891
798 july13 220.65168375310094 57.017287367093594
799 july13 356.65532115350123 80.15024269178309
800 july13 192.80252955974038 120.64194279802547
801 july13 253.06670750306424 0.6363672167607692
802 july13 282.6863228114075 236.7720878500116
806 july13 71.67761480269286 11.783797869184296
808 july13 286.3825550202213 318.92502674130526
810 july13 17.037535046092454 113.13483602538767
811 july13 261.65084189508195 348.05617871588464
812 july13 226.5247259671162 302.90573250610635
813 july13 348.93563036012756 11.870476157302132
816 july13 44.13019959674063 29.971243015226968
817 july13 52.27686411356325 227.67649521480493
818 july13 221.14370460056097 197.93893590529436
819 july13 26.895703613066747 311.6793939092466
821 july13 26.952545019742885 347.57156293658664
822 july13 341.3631291489458 175.07730306892984
823 july13 181.9636949582254 43.349962487715864
824 july13 138.06170849302825 129.69723881483586
826 july13 313.0426193575779 197.42688937068607
827 july13 180.48848193144332 38.49174097381659
828 july13 15.415815290458331 109.46571013638643
830 july13 82.98572770417836 105.35270329547487
831 july13 344.62814587401294 236.6162840261693
832 july13 336.618099567954 154.64307857754355
833 july13 0.660038403101626 173.4024426066901
835 july13 171.14563519742296 152.14210968218123
836 july13 82.50210688979465 122.1797769716426
837 july13 297.8651272130858 100.41333958230123
838 july13 111.95750167116593 83.33145204678316
839 july13 21.94806982071571 125.32484987656525
841 july13 291.0489777942856 230.75794479224194
842 july13 290.32640046068354 74.51042438448535
844 july13 248.89304176628679 99.23117195731547
845 july13 150.91350868660027 189.74062832584804
846 july13 59.43924396452229 85.10048002084174
847 july13 19.04309179155921 154.57221603534194
851 july13 7.7359247577626 332.23787313289074
852 july13 313.66691740522265 34.830246635594904
854 july13 140.91089933842 129.17609142540513
856 july13 205.6598669447069 101.35008253180017
857 july13 22.921555013423898 133.00012014407437
858 july13 120.2905728703798 54.714375669520784
859 july13 157.0421231203244 146.91459969203797
860 july13 189.6424513131487 306.1311418843254
863 july13 176.1016786261688 336.4228579086603
865 july13 286.54419349986733 121.70720089908572
866 july13 63.10538201631181 342.65734220369853
867 july13 358.74555992756825 7.2132159221950545
868 july13 29.99730904205734 223.73756855640605
869 july13 326.8406381904607 271.3557481104775
871 july13 293.2106192111717 225.30575443862816
872 july13 218.71634038481005 82.89734331416204
873 july13 54.764969716381685 122.08902682097992
875 july13 178.13455122166974 119.39429192826213
876 july13 231.78642210838748 109.99875967092947
878 july13 27.609447364303378 327.9721376473611
880 july13 204.0252256416069 44.58209569562608
882 july13 161.56009318626283 171.83989547186866
883 july13 9.579543978666315 212.38809071026964
885 july13 262.1168428444431 133.43165621998125
887 july13 280.3146442051701 325.377980693941
888 july13 128.3097958784295 351.07077135369286
892 july13 159.2250393568832 98.22382028920111
894 july13 13.445457984973137 250.25538490642865
895 july13 247.3659203319141 21.36602250954571
897 july13 79.25210396130853 272.9564852390054
898 july13 16.55905442000279 45.19356878323086
900 july13 342.21496411233926 144.12152587687834
901 july13 277.32617312404886 311.58532392645935
902 july13 56.56152369604497 86.5087817456773
903 july13 202.19310393135675 220.03683487399223
905 july13 109.16476939629901 340.1947273551623
906 july13 254.71605330299644 203.84357371285424
908 july13 272.1424184107316 61.15675767152968
909 july13 128.27739217817765 70.31961309193639
912 july13 78.96547601773972 193.7507611545418
914 july13 180.63677201552002 80.55694201996596
916 july13 219.8410775905478 199.5154863188932
917 july13 340.69606140285777 165.57358584042836
918 july13 140.88726045079437 194.10653893516923
920 july13 310.74059859068933 158.90520916521035
925 july13 314.2999394033493 209.67523285543848
927 july13 89.63214870769131 9.154326441410122
929 july13 38.98291744494664 242.23389494592513
930 july13 70.19242287962506 278.3365399066833
931 july13 6.84550349471488 106.11413733659039
933 july13 244.94902066917427 197.55379878754007
934 july13 354.24160831885155 27.409966836162035
935 july13 129.59790418679256 248.29111864915575
936 july13 214.896182829768 182.59821932256762
937 july13 45.69516808588985 186.66713350838316
938 july13 274.6164867447421 268.5411342060518
939 july13 42.028201335152865 6.485475766701874
942 july13 305.7074489758197 18.354081082821676
944 july13 305.50219399076053 199.05519348703936
945 july13 355.80761423664666 151.98912782437756
946 july13 348.1768857364962 320.9908734519604
947 july13 259.96594587031876 219.09083327224357
949 july13 266.5189884545692 216.07980514725773
950 july13 306.9342325059412 165.10193654666014
951 july13 181.93091252536362 71.89708412665514
952 july13 51.30826445055202 39.11320314793891
953 july13 319.0503806297685 141.95749305915675
954 july13 2.5692534190122585 238.52496178524453
956 july13 325.3573791051126 128.684805519516
957 july13 287.28928932189115 355.2489178362357
958 july13 193.91777615211083 46.72531159708664
959 july13 70.85839030559247 19.342681950538573
960 july13 47.14744449379377 346.5254573009198
961 july13 228.25993333292462 138.0308793019304
962 july13 215.5464791197723 146.98665859551
963 july13 126.89535472298635 124.50500552053302
965 july13 121.42218172352233 237.20171255271157
966 july13 227.68423141514458 164.19923098096172
967 july13 211.73675497116918 96.42913209367447
968 july13 148.0969363084497 245.14305571732226
969 july13 85.20265472453481 307.91739547746494
971 july13 242.15591505846186 38.109419839185556
972 july13 264.23453549601174 205.24426430921102
973 july13 212.65368136948084 226.9211123542792
976 july13 342.57132960783355 20.615064948634352
977 july13 201.49064517689592 53.067090730385054
981 july13 193.70055254955653 291.9578499906707
982 july13 269.71157145104434 33.520740658078324
984 july13 345.2205137594568 93.5457440954521
986 july13 152.5175637568489 125.273018151384
987 july13 294.6465999641087 159.76531798056212
988 july13 332.4403021104746 144.49600923021842
991 july13 48.59088923193146 349.5892865154975
993 july13 277.9410904664197 320.2572751961441
994 july13 333.72939427313395 28.31879169475634
996 july13 186.42777738249052 113.81724310593977
997 july13 189.40490434632488 249.84772031221405
998 july13 338.96873211220066 108.20204684759905
999 july13 64.35462461635989 187.845701089501
1000 july13 59.637795694713525 85.61603485983768
