6382808
4574610
9457852
6865077
8382172
6584645
5965837
5514251
10330340
6497663
3633538
9772586
7769874
5307747
6372633
6065699
10456555
8578654
3443331
3441230
11969378
10779831
10533616
3634720
7050270
9519051
11251115
4833039
6352430
8313018
7255270
12833300
10618260
5596656
1571152
9853314
8868312
6580131
7585122
7944142
9535399
11454341
8073932
11401156
9700679
11182765
8367995
11960922
12013435
7103951
3120357
2833697
3539408
7625670
7662428
11920505
11653285
6584645
3430868
11810504
4076177
3833036
9411927
2578661
6290049
8648597
2162283
8352528
4904369
11509728
12253106
4742716
7766544
6285677
11823731
8579358
5016065
8766897
10614323
6529322
7374855
8545861
10734425
10448807
11193046
9304991
5016065
4446135
5786406
10295224
9246481
3954440
12602421
8343931
6358280
6128236
4845444
10802990
6448112
9509296
6358280
10230660
5900096
9048396
12453925
7799575
11456735
9650390
3526061
11623951
4742716
6285677
11044097
8016586
5450503
11615498
9836930
11038305
4448737
12070542
11958844
6508366
5940060
9097287
8085683
11616076
12107376
9177823
11717120
11181860
9885332
8211551
2583765
11134982
6629205
11126216
4048716
5091811
10462940
7770282
11973943
8228742
7944038
8578654
5219533
7350496
8816525
3339055
6116940
9596581
5264460
10190841
11498538
10185553
10863107
6607814
7910890
11563912
1577039
10709834
8569885
6222668
4738764
11442353
4459725
11414712
5386872
11495120
10295224
9406415
7802146
7428418
3526061
7094508
12169236
6346537
6225718
3453029
11805390
11821140
5867378
11502021
3748585
7022220
8018827
6072870
11912716
10532847
8218649
6231193
10879812
12453551
5351868
11819363
5121116
6524873
10068389
6528720
4904369
8324612
9820825
10514317
10068307
8179058
3833036
5650229
5530598
10730100
10341072
5786406
6515613
5104175
7050270
6666031
7668791
5197709
5794038
6966232
6664482
3097912
3954440
5774694
10977859
8178161
4826087
11081729
11251115
5355850
9764708
6584424
9051345
8248182
11547614
10677958
6509175
3744043
7799575
2161731
10404994
3555545
5683912
5709564
5296025
6763448
8217206
8249189
7770282
5430514
7501405
9139151
11178147
6278403
3854605
7603252
7019203
10590779
7944142
5016065
11044547
11196614
2163829
8738899
3735871
6342260
10258971
10616138
6273063
9713083
8958735
1430163
10425397
6222668
9589140
10516096
6934542
2695267
12167186
6964503
6123324
5473171
3833036
11146627
5981666
4736074
4927048
5353108
10389724
10407209
7769874
4284968
11245491
6938848
9003096
5870686
12555505
6150124
8077489
6471223
10461323
3219256
7365537
6592305
5385723
4143334
9569162
7095218
6048411
4681323
4755621
10330340
757137
5265916
9702369
3967430
11288888
11572666
6666011
9480730
10555142
10960750
11447883
11810504
11656555
5524045
4930889
8578654
6964503
5616033
10341704
10648847
4255487
4818175
5988140
9848470
11038305
5858670
8350026
8424629
11031937
10454113
6592305
11808639
6150124
4276892
5689219
9364901
5633342
12251126
5620305
7748238
4768731
11859158
9289275
8367661
2578661
5172229
12600855
8557784
5296025
4143369
7976303
5471522
4366445
7266484
11442353
9569195
10425397
10587122
1026895
10323222
11193457
7910890
12116644
11176016
7090654
7800289
7188705
10355856
6382808
7383872
10616138
7022220
10735305
11823731
10418678
7669848
5304891
10202015
4647756
8085998
8459899
1720554
11288133
9392839
6044909
7201012
6666011
5978448
11070918
11255615
11754082
10990223
7548479
12459622
4661768
10338877
8211500
8025283
7625670
7974841
9835672
11656555
11031937
5559516
11497648
9957219
8740339
7800289
3644223
6590668
10010623
4833670
9147002
6273063
5181919
10745775
7670592
9237084
8940851
9138138
6384975
10341072
6766118
8018827
7198959
5217845
2571868
3748585
8958735
7090654
3765622
10618260
10973387
7605152
8579358
4931363
3954440
9836221
9693187
10526658
10426854
9711269
11649687
10555142
3657002
10677958
10536753
10683303
3942392
4247116
4930889
5080332
4168541
11605129
5172229
10923629
10677958
9289275
7959579
6048411
8813946
10355856
5088308
11958844
9395233
9782810
7869334
12116644
11070918
8226744
12104686
8459899
5219533
2998002
9764965
9700679
11229003
8346778
8231149
6938848
7940546
6441836
11253226
9541616
8259183
10549371
1294756
10139791
6627606
9758145
8543200
7763794
3661497
10797526
7797807
5643103
9214131
8075019
10200031
6670812
10537907
10010623
5200778
9468475
2578801
7418367
10418678
8555914
11910501
3241299
3555545
10616138
10329654
9652494
6508366
6580131
7094508
5936874
11758629
3221040
6192566
4939895
11572666
9700679
3746974
5880360
4570326
12317678
1872324
3547996
9411927
2017157
6072870
7667971
1435467
11099165
7743084
6307459
4990637
12555505
7622690
9406596
8543200
7915833
4859338
10417986
10064712
6679371
8254901
11968730
11090405
8390826
10253776
11565158
8324612
2158208
7106167
12020628
8249189
3339055
9775454
6285677
3529480
7022220
11924268
2837475
8145590
4180903
10728179
11857884
9716431
12155405
9934492
5284647
10590857
9162480
8649198
6610354
6192566
8631442
7898447
7094508
12155405
2015820
7749094
9716431
5115386
6766118
5633342
11447883
11178775
8479958
11658954
9408590
6664482
3746974
9411927
6276898
10535643
8394589
9715099
12256693
12353648
8153795
11820270
3123191
9395227
9778638
10129349
5371784
6580131
9083661
7979417
8694723
10338650
5962180
9704050
2998002
2837475
3324261
10659842
4999260
6382808
9904409
10190244
8324612
11873181
7120637
10549480
9083661
8508931
4912702
10418344
7898839
5371516
6200341
9205436
3558705
5309121
7352201
8085964
3232795
4763063
4912702
10533616
8423224
10461323
3648936
11547924
7422905
9715163
11975129
9758145
6268607
6587245
7428418
2555088
9641568
7101463
6522800
3453029
10590857
9782810
7702122
5520853
7871208
11497012
3441157
5647974
11288888
7175316
8360349
4371917
5716526
5941844
8345951
8328178
5026008
5164458
11618103
